1	1	2
2	1	6
3	1	7
4	1	8
5	1	10
6	1	11
7	1	12
8	1	13
9	1	16
10	1	17
11	1	18
12	1	19
13	1	23
14	1	24
15	1	25
16	1	28
17	1	29
18	2	5
19	2	32
20	2	33
21	2	3
22	2	35
23	2	37
24	2	4
25	2	38
26	2	39
27	2	41
28	2	42
29	2	43
30	2	44
31	2	45
32	2	1
33	2	46
34	6	47
35	6	48
36	6	49
37	6	52
38	6	59
39	6	60
40	6	51
41	6	62
42	6	63
43	6	64
44	6	65
45	7	66
46	7	29
47	7	67
48	8	68
49	8	69
50	8	77
51	8	82
52	8	86
53	8	76
54	8	101
55	8	104
56	8	9
57	8	127
58	8	132
59	8	135
60	8	140
61	8	154
62	8	160
63	8	165
64	8	156
65	8	95
66	8	179
67	8	197
68	8	200
69	8	201
70	8	206
71	8	209
72	8	220
73	10	221
74	10	222
75	10	223
76	10	225
77	11	226
78	11	227
79	11	228
80	11	232
81	11	240
82	11	250
83	11	258
84	11	262
85	11	264
86	11	229
87	11	277
88	11	278
89	11	281
90	11	283
91	11	286
92	11	287
93	11	289
94	11	290
95	11	297
96	11	300
97	11	302
98	13	303
99	13	307
100	13	318
101	13	305
102	13	332
103	13	341
104	13	348
105	13	356
106	13	369
107	13	376
108	13	385
109	13	391
110	13	393
111	13	399
112	13	407
113	13	412
114	13	346
115	13	343
116	13	14
117	13	431
118	13	437
119	13	438
120	13	439
121	13	452
122	13	454
123	13	456
124	13	458
125	13	459
126	13	460
127	13	463
128	13	464
129	13	465
130	13	466
131	13	470
132	13	471
133	13	475
134	16	476
135	16	485
136	16	486
137	16	491
138	16	492
139	16	505
140	16	510
141	16	513
142	16	514
143	18	516
144	19	520
145	19	522
146	19	523
147	19	524
148	19	530
149	19	531
150	19	20
151	19	532
152	19	22
153	19	536
154	19	537
155	19	533
156	19	21
157	23	547
158	23	555
159	23	556
160	23	562
161	23	563
162	23	564
163	23	565
164	23	566
165	23	567
166	23	568
167	23	569
168	24	570
169	24	571
170	24	572
171	24	573
172	25	582
173	25	583
174	25	586
175	25	592
176	25	599
177	25	601
178	25	27
179	25	603
180	25	605
181	25	617
182	25	618
183	25	26
184	25	624
185	25	625
186	25	630
187	25	631
188	25	632
189	25	633
190	25	634
191	25	635
192	25	636
193	25	637
194	25	638
195	28	639
196	29	643
197	29	644
198	29	7
199	29	8
200	29	645
201	5	646
202	5	647
203	5	648
204	5	308
205	5	30
206	5	658
207	5	656
208	5	667
209	5	670
210	5	671
211	5	672
212	5	677
213	5	678
214	5	688
215	5	691
216	5	692
217	5	693
218	5	695
219	5	696
220	5	699
221	5	702
222	5	709
223	5	710
224	5	712
225	5	713
226	5	714
227	5	716
228	5	701
229	5	717
230	5	718
231	5	720
232	5	660
233	5	728
234	5	729
235	5	730
236	5	732
237	33	734
238	33	738
239	33	748
240	33	2
241	33	749
242	33	3
243	33	34
244	3	758
245	3	762
246	3	763
247	3	764
248	3	770
249	3	771
250	3	772
251	3	773
252	3	776
253	3	761
254	3	786
255	3	789
256	3	793
257	3	795
258	3	796
259	3	797
260	3	799
261	3	803
262	3	807
263	3	809
264	3	810
265	3	811
266	3	812
267	3	813
268	3	814
269	3	815
270	3	816
271	3	817
272	3	818
273	3	819
274	3	823
275	3	827
276	3	830
277	3	833
278	35	33
279	35	32
280	35	834
281	35	224
282	35	838
283	35	40
284	35	839
285	35	840
286	35	844
287	35	850
288	35	853
289	35	854
290	35	855
291	35	856
292	35	857
293	35	858
294	35	39
295	35	860
296	35	36
297	35	532
298	4	866
299	4	879
300	4	736
301	4	894
302	4	907
303	4	910
304	4	853
305	4	36
306	4	35
307	4	39
308	39	911
309	39	912
310	39	924
311	39	925
312	39	927
313	39	935
314	39	40
315	39	856
316	39	945
317	39	952
318	39	953
319	39	3
320	39	4
321	39	41
322	41	954
323	41	961
324	41	962
325	41	963
326	41	964
327	41	965
328	41	972
329	41	834
330	41	973
331	41	974
332	41	975
333	41	853
334	41	856
335	41	857
336	41	3
337	41	35
338	42	983
339	42	691
340	42	984
341	42	985
342	42	986
343	43	987
344	43	990
345	44	991
346	44	995
347	44	996
348	44	997
349	46	998
350	46	999
351	46	1000
352	46	1003
353	46	1004
354	46	1005
355	46	1006
356	46	1007
357	46	1008
358	46	1011
359	46	1012
360	46	1013
361	46	1014
362	47	1018
363	47	1027
364	47	1030
365	47	1033
366	47	1034
367	47	1037
368	47	1041
369	47	1044
370	47	622
371	47	1046
372	47	1050
373	47	1055
374	47	1057
375	47	1058
376	47	1059
377	47	1061
378	47	1069
379	47	54
380	47	1085
381	47	1086
382	47	1092
383	47	1100
384	47	1102
385	47	1103
386	47	1104
387	47	1107
388	47	1110
389	47	1114
390	47	1122
391	47	1125
392	47	1127
393	47	1133
394	47	1136
395	47	1143
396	47	1144
397	48	1145
398	49	1146
399	49	1148
400	49	1149
401	49	1150
402	49	1151
403	49	1152
404	49	1153
405	49	50
406	49	1155
407	49	1164
408	49	1165
409	49	1172
410	49	1174
411	49	1179
412	49	1180
413	49	1187
414	49	47
415	49	1189
416	49	1193
417	49	1197
418	49	1178
419	49	1202
420	49	1203
421	49	1169
422	49	1206
423	49	1207
424	52	1208
425	52	1209
426	52	1211
427	52	1212
428	52	1214
429	52	1220
430	52	1227
431	52	1228
432	52	1235
433	52	1240
434	52	1241
435	52	1242
436	52	1252
437	52	1263
438	52	1267
439	52	1275
440	52	1288
441	52	1295
442	52	1306
443	52	1315
444	52	58
445	52	1326
446	52	1337
447	52	1343
448	52	1344
449	52	1351
450	52	1354
451	52	1361
452	52	1362
453	52	1366
454	52	1369
455	52	1370
456	52	1374
457	52	1379
458	51	1384
459	51	1391
460	51	308
461	51	1395
462	51	1396
463	51	1397
464	51	600
465	51	1400
466	51	1402
467	51	1403
468	51	1404
469	51	1405
470	51	1406
471	51	1413
472	51	6
473	51	1195
474	51	1423
475	51	1427
476	51	1428
477	51	1429
478	51	1430
479	51	1435
480	51	1440
481	51	1441
482	51	1445
483	51	1446
484	51	1439
485	51	1460
486	51	1464
487	51	1465
488	51	1468
489	51	1477
490	66	1483
491	66	1484
492	66	1485
493	67	1486
494	67	1490
495	67	1492
496	67	1493
497	67	1494
498	67	1499
499	67	1500
500	67	1502
501	67	1505
502	67	1506
503	67	1507
504	67	1508
505	67	1509
506	67	1510
507	67	1514
508	67	1517
509	67	1518
510	67	1519
511	67	1520
512	67	1522
513	67	1523
514	67	1524
515	67	1525
516	67	1526
517	67	1527
518	67	1528
519	67	1529
520	67	1530
521	67	1531
522	67	1532
523	67	1533
524	67	1535
525	67	1536
526	67	1537
527	67	1538
528	67	1539
529	68	1540
530	68	1543
531	68	1544
532	68	1545
533	68	1546
534	69	1547
535	69	96
536	69	174
537	69	1563
538	69	1564
539	69	1565
540	69	1571
541	69	1575
542	69	1576
543	69	1577
544	69	1583
545	69	1584
546	69	1586
547	69	1589
548	69	1593
549	69	1596
550	69	1597
551	69	1601
552	69	1605
553	69	1606
554	69	1609
555	69	1614
556	69	1607
557	69	1622
558	69	1623
559	69	1560
560	69	1628
561	69	1629
562	69	1630
563	69	1631
564	69	1632
565	69	1634
566	69	1638
567	69	1639
568	77	1642
569	77	1643
570	77	1645
571	77	79
572	77	1647
573	77	1648
574	77	1650
575	77	1652
576	77	1653
577	77	1654
578	77	1661
579	77	1665
580	77	1667
581	77	1668
582	77	1669
583	77	1670
584	77	1671
585	77	1679
586	77	1680
587	77	1683
588	77	1684
589	77	1689
590	77	1690
591	77	1696
592	77	1704
593	77	1711
594	77	1712
595	77	1713
596	77	1719
597	77	1720
598	77	1724
599	77	1729
600	77	1730
601	77	1735
602	77	1736
603	82	1742
604	82	1748
605	82	98
606	82	171
607	82	77
608	82	85
609	82	8
610	82	1764
611	82	1766
612	82	1769
613	82	1774
614	82	1775
615	82	84
616	82	83
617	86	1778
618	86	177
619	86	175
620	86	1788
621	86	1790
622	86	1791
623	86	1793
624	86	1795
625	86	1800
626	86	1809
627	86	1817
628	86	1820
629	86	1821
630	86	1824
631	86	1829
632	86	93
633	86	1842
634	86	1845
635	86	1855
636	86	1860
637	86	1861
638	86	1864
639	86	82
640	86	1874
641	86	1875
642	86	1878
643	86	1879
644	86	1880
645	86	1886
646	86	171
647	86	77
648	86	1896
649	76	1897
650	76	1907
651	76	1908
652	76	1909
653	76	1914
654	76	1919
655	76	1920
656	76	1921
657	76	1941
658	76	1943
659	76	1946
660	76	1950
661	76	1952
662	76	1957
663	76	1958
664	76	1960
665	76	1961
666	76	1962
667	76	1968
668	76	1976
669	76	1977
670	76	1981
671	76	2003
672	76	2019
673	76	2022
674	76	2024
675	76	2032
676	76	2033
677	76	2035
678	76	2040
679	76	2044
680	76	2046
681	76	2050
682	76	1600
683	101	1141
684	101	2062
685	101	86
686	101	103
687	101	2067
688	101	2083
689	101	2091
690	101	2104
691	101	2111
692	101	2113
693	101	2114
694	101	2115
695	101	2120
696	101	2127
697	101	2130
698	101	2136
699	101	2137
700	101	2140
701	101	2147
702	101	2151
703	101	2152
704	101	2155
705	101	2156
706	101	2162
707	101	2163
708	101	2170
709	101	2174
710	101	2181
711	101	2182
712	101	2184
713	101	2186
714	101	2187
715	101	2188
716	101	2197
717	104	2198
718	104	2208
719	104	2218
720	104	2219
721	104	2228
722	104	2232
723	104	2233
724	104	2234
725	104	2236
726	104	2237
727	104	2245
728	104	2246
729	104	2248
730	104	2251
731	104	2252
732	104	2253
733	104	2254
734	104	2255
735	104	2256
736	104	2257
737	104	2262
738	104	2263
739	104	2268
740	104	2269
741	104	2270
742	104	2275
743	104	2272
744	104	2291
745	104	2295
746	104	2296
747	104	2301
748	104	2307
749	104	2311
750	104	2312
751	104	2313
752	104	2314
753	9	2315
754	9	2319
755	9	2321
756	9	2322
757	9	2323
758	9	2324
759	9	2332
760	9	2347
761	9	2349
762	9	2351
763	9	2354
764	9	2355
765	9	2362
766	9	2365
767	9	2366
768	9	2372
769	9	2373
770	9	2382
771	9	2392
772	9	2401
773	9	2408
774	9	2413
775	9	2414
776	9	2415
777	9	2417
778	9	2420
779	9	2430
780	9	2439
781	9	2440
782	9	2451
783	9	2456
784	9	2461
785	9	2462
786	9	2469
787	127	2475
788	127	2476
789	127	2478
790	127	2479
791	127	2486
792	127	2490
793	127	2491
794	127	2492
795	127	2493
796	127	2501
797	127	352
798	127	2511
799	127	2512
800	127	2513
801	127	2515
802	127	2525
803	127	2526
804	127	2527
805	127	2528
806	127	2538
807	127	2543
808	127	2545
809	127	2550
810	127	2552
811	127	2558
812	127	2560
813	127	2561
814	127	2562
815	127	2564
816	127	2571
817	127	2572
818	127	2573
819	132	2578
820	132	2584
821	132	2586
822	132	2593
823	132	2596
824	132	2600
825	132	2602
826	132	2608
827	132	2609
828	132	2610
829	132	2611
830	132	2614
831	132	134
832	132	2627
833	132	2628
834	132	2629
835	132	2631
836	132	2634
837	132	2635
838	132	2640
839	132	2641
840	132	2644
841	132	2645
842	132	2646
843	132	2647
844	132	2648
845	132	2649
846	132	2651
847	132	133
848	132	2654
849	132	2656
850	132	2661
851	132	2663
852	132	2667
853	132	2672
854	132	2673
855	135	562
856	135	2680
857	135	2683
858	135	2699
859	135	2707
860	135	2708
861	135	2709
862	135	2710
863	135	2711
864	135	2712
865	135	2713
866	135	2714
867	135	2721
868	135	2728
869	135	2730
870	135	2740
871	135	2749
872	135	2753
873	135	2755
874	135	2756
875	135	2758
876	135	2766
877	135	2767
878	135	2769
879	135	2771
880	135	2779
881	135	2782
882	135	2790
883	135	2792
884	135	2793
885	135	2801
886	135	2809
887	135	2814
888	135	2819
889	140	2821
890	140	2822
891	140	2837
892	154	2844
893	154	2845
894	154	2825
895	154	2134
896	154	2868
897	154	2874
898	154	2884
899	154	2885
900	154	2886
901	154	2887
902	154	2895
903	154	2897
904	154	2899
905	154	2900
906	154	2908
907	154	2909
908	154	2910
909	154	2912
910	154	1398
911	154	157
912	154	2914
913	154	2916
914	154	2918
915	154	2919
916	154	2922
917	154	2924
918	154	1834
919	154	2937
920	154	2942
921	154	2949
922	154	2950
923	154	159
924	154	2960
925	154	2964
926	160	2965
927	160	2973
928	160	2978
929	160	2979
930	160	2990
931	160	2994
932	160	2995
933	160	2996
934	160	2997
935	160	3014
936	160	3028
937	160	3029
938	160	3033
939	160	3037
940	160	3046
941	160	3047
942	160	3049
943	160	3054
944	160	3055
945	160	3058
946	156	3069
947	156	3070
948	156	3077
949	156	3081
950	156	3083
951	156	3091
952	156	3094
953	156	3101
954	156	3108
955	156	3112
956	156	3119
957	156	167
958	156	3125
959	156	3122
960	156	3126
961	156	3129
962	156	3135
963	156	3137
964	156	3139
965	156	3140
966	156	3114
967	156	3146
968	156	3150
969	156	3153
970	156	3156
971	156	3157
972	156	3159
973	156	3161
974	156	3162
975	156	169
976	156	170
977	156	3169
978	156	3170
979	156	3183
980	156	3136
981	95	3187
982	95	3193
983	95	3194
984	95	3196
985	95	3197
986	95	3203
987	95	3204
988	95	3212
989	95	3214
990	95	3216
991	95	3219
992	95	3220
993	95	3223
994	95	3224
995	95	3230
996	95	3231
997	95	3232
998	95	3233
999	95	178
1000	95	1787
1001	95	3222
1002	95	3243
1003	95	3245
1004	95	3246
1005	95	3247
1006	95	3259
1007	95	3267
1008	95	1884
1009	95	1587
1010	95	3274
1011	179	3275
1012	179	3280
1013	179	3286
1014	179	3285
1015	179	3294
1016	197	3299
1017	197	3303
1018	197	3305
1019	197	3313
1020	197	3314
1021	197	3315
1022	197	3325
1023	197	3326
1024	197	3335
1025	197	3341
1026	197	3357
1027	197	3363
1028	197	3370
1029	197	3375
1030	197	3376
1031	197	3380
1032	197	3391
1033	197	3402
1034	197	3403
1035	197	3409
1036	197	3410
1037	197	3413
1038	197	3415
1039	197	3416
1040	197	3418
1041	197	3419
1042	197	3421
1043	197	3429
1044	197	212
1045	197	3438
1046	197	3442
1047	197	3302
1048	197	3450
1049	197	3457
1050	201	3461
1051	201	3462
1052	201	3463
1053	201	3464
1054	201	3465
1055	201	3466
1056	201	3467
1057	201	3472
1058	201	3474
1059	201	3479
1060	201	3481
1061	201	3484
1062	201	203
1063	201	3491
1064	201	3492
1065	201	3493
1066	201	202
1067	201	3501
1068	201	3503
1069	201	3505
1070	201	3518
1071	201	3526
1072	201	3531
1073	201	3537
1074	201	3539
1075	201	3543
1076	201	3551
1077	201	3570
1078	201	3572
1079	201	3573
1080	201	3578
1081	201	3579
1082	201	3587
1083	201	3588
1084	201	3591
1085	201	3599
1086	206	3608
1087	206	3613
1088	206	207
1089	206	3621
1090	206	3622
1091	206	3623
1092	206	3624
1093	206	3630
1094	206	3631
1095	206	3633
1096	206	3635
1097	206	3645
1098	206	3651
1099	206	3652
1100	206	3660
1101	206	1327
1102	206	3662
1103	206	3663
1104	206	3664
1105	206	3665
1106	206	3666
1107	206	3667
1108	206	3668
1109	206	3669
1110	206	3676
1111	206	3679
1112	206	3680
1113	206	3618
1114	206	3687
1115	206	3690
1116	206	3691
1117	206	3693
1118	206	3699
1119	206	3700
1120	206	3707
1121	206	3711
1122	209	3715
1123	209	2059
1124	209	2054
1125	209	3735
1126	209	3749
1127	209	215
1128	209	3755
1129	209	3767
1130	209	3769
1131	209	1439
1132	209	3781
1133	209	3782
1134	209	3784
1135	209	3790
1136	209	3394
1137	209	3806
1138	209	3719
1139	209	3811
1140	209	3818
1141	209	3825
1142	209	3827
1143	209	2800
1144	209	3828
1145	209	3835
1146	209	1328
1147	209	3843
1148	209	3853
1149	209	3862
1150	209	3867
1151	209	3875
1152	209	3878
1153	209	3838
1154	220	3890
1155	221	3892
1156	221	3895
1157	221	3896
1158	221	3897
1159	221	3898
1160	221	3899
1161	221	3900
1162	221	3901
1163	221	3902
1164	221	3903
1165	221	3904
1166	221	3905
1167	221	3906
1168	221	3907
1169	221	3908
1170	221	3909
1171	221	3910
1172	221	3911
1173	221	3914
1174	221	3915
1175	221	3916
1176	221	3917
1177	221	3919
1178	221	3920
1179	221	3924
1180	221	3925
1181	221	3927
1182	221	3928
1183	221	3932
1184	221	3934
1185	221	3935
1186	221	3936
1187	221	3937
1188	221	3938
1189	221	3939
1190	221	3940
1191	222	3941
1192	222	3948
1193	222	3949
1194	222	3950
1195	222	3951
1196	222	3952
1197	222	3953
1198	222	3954
1199	222	3955
1200	222	3956
1201	222	3957
1202	222	3958
1203	222	3959
1204	222	3966
1205	222	3967
1206	222	3968
1207	222	3969
1208	222	3970
1209	222	3971
1210	222	3972
1211	222	3973
1212	222	3974
1213	222	3975
1214	222	3976
1215	222	3977
1216	222	3978
1217	222	3979
1218	222	3980
1219	222	3984
1220	222	3985
1221	222	3986
1222	222	3987
1223	222	3988
1224	222	3989
1225	222	3990
1226	222	3991
1227	223	3992
1228	223	1372
1229	223	3999
1230	223	4000
1231	223	4003
1232	223	4007
1233	223	852
1234	223	4008
1235	223	4009
1236	223	4010
1237	223	4011
1238	223	4012
1239	223	844
1240	223	934
1241	223	4014
1242	223	4017
1243	223	4021
1244	223	4024
1245	226	11
1246	227	4026
1247	227	4027
1248	227	4030
1249	227	4036
1250	227	4038
1251	227	4039
1252	227	4040
1253	227	4041
1254	227	4042
1255	227	4043
1256	227	4044
1257	227	4045
1258	227	4050
1259	227	4056
1260	227	4058
1261	228	4065
1262	228	4067
1263	228	4068
1264	228	4078
1265	228	4079
1266	228	4086
1267	228	4094
1268	228	4095
1269	228	4101
1270	228	279
1271	228	4116
1272	228	4124
1273	228	4125
1274	228	4138
1275	228	4140
1276	228	4141
1277	228	4144
1278	228	4150
1279	228	4151
1280	228	4154
1281	228	227
1282	228	4163
1283	228	4167
1284	228	4179
1285	228	4180
1286	228	4182
1287	228	4185
1288	228	4186
1289	228	4195
1290	228	4196
1291	228	4200
1292	228	4202
1293	228	4207
1294	228	230
1295	228	4216
1296	228	4220
1297	232	4221
1298	232	4222
1299	232	4224
1300	232	4230
1301	232	4231
1302	232	4233
1303	232	4236
1304	232	4245
1305	232	4252
1306	232	4253
1307	232	4255
1308	232	4257
1309	232	4263
1310	232	4264
1311	232	4265
1312	232	4268
1313	232	4071
1314	232	4274
1315	232	4282
1316	232	4286
1317	232	4289
1318	232	4293
1319	232	4298
1320	232	4299
1321	232	4301
1322	232	4302
1323	232	4306
1324	232	4307
1325	232	4308
1326	232	4309
1327	232	4313
1328	232	4315
1329	232	4319
1330	232	4320
1331	232	4321
1332	232	4323
1333	240	4326
1334	240	4333
1335	240	4343
1336	240	245
1337	240	4355
1338	240	4356
1339	240	4357
1340	240	4362
1341	240	4365
1342	240	4366
1343	240	4368
1344	240	4369
1345	240	4374
1346	240	4378
1347	240	4392
1348	240	4399
1349	240	4115
1350	240	4407
1351	240	2896
1352	240	4408
1353	240	4409
1354	240	4410
1355	240	2204
1356	240	4422
1357	240	4423
1358	240	4424
1359	240	4429
1360	240	4433
1361	240	4442
1362	240	4443
1363	240	4444
1364	240	260
1365	240	4458
1366	250	4460
1367	250	4461
1368	250	4464
1369	250	4468
1370	250	4470
1371	250	4474
1372	250	4478
1373	250	4485
1374	250	4499
1375	250	4504
1376	250	275
1377	250	4506
1378	250	4512
1379	250	4517
1380	250	4530
1381	250	4537
1382	250	4538
1383	250	283
1384	250	269
1385	250	4547
1386	250	4548
1387	250	271
1388	250	4564
1389	250	4163
1390	250	4566
1391	250	295
1392	250	4573
1393	250	4575
1394	258	4578
1395	258	4581
1396	258	4582
1397	258	4585
1398	258	4589
1399	258	4591
1400	258	4593
1401	258	259
1402	258	3489
1403	258	4605
1404	258	4606
1405	258	4608
1406	258	4617
1407	258	4626
1408	258	4637
1409	258	4639
1410	258	4640
1411	258	2058
1412	258	4579
1413	258	4662
1414	258	4663
1415	258	3780
1416	258	232
1417	258	240
1418	262	4675
1419	262	4678
1420	262	457
1421	262	4680
1422	262	4684
1423	262	4685
1424	262	4686
1425	262	4568
1426	262	4701
1427	262	4705
1428	262	4706
1429	262	4710
1430	262	4712
1431	262	4714
1432	262	4715
1433	262	290
1434	262	4719
1435	262	4220
1436	262	4720
1437	262	4723
1438	262	4725
1439	262	4726
1440	262	4165
1441	262	4665
1442	262	4733
1443	262	4735
1444	262	4736
1445	262	4737
1446	262	4738
1447	262	4739
1448	264	4740
1449	264	4741
1450	264	4742
1451	264	4751
1452	264	4752
1453	264	4755
1454	264	4759
1455	264	4760
1456	264	4764
1457	264	4765
1458	264	4766
1459	264	4767
1460	264	4768
1461	264	4769
1462	264	4770
1463	264	4773
1464	264	4774
1465	264	4777
1466	264	4779
1467	264	273
1468	264	4735
1469	264	4788
1470	264	4790
1471	264	4791
1472	264	270
1473	264	4795
1474	264	281
1475	264	271
1476	264	4797
1477	229	4798
1478	229	4260
1479	229	4800
1480	229	2264
1481	229	4813
1482	229	4822
1483	229	4834
1484	229	4835
1485	229	4836
1486	229	4837
1487	229	4838
1488	229	4839
1489	229	4840
1490	229	4848
1491	229	4849
1492	229	4856
1493	229	4857
1494	229	4858
1495	229	240
1496	229	4851
1497	229	4865
1498	229	4870
1499	229	4871
1500	229	4872
1501	229	4873
1502	229	4877
1503	229	4878
1504	229	4879
1505	229	4883
1506	277	4887
1507	277	4896
1508	277	4897
1509	277	4898
1510	277	4901
1511	277	4902
1512	277	4909
1513	277	4910
1514	277	4911
1515	277	4914
1516	277	4915
1517	277	4918
1518	277	4919
1519	277	4920
1520	277	4921
1521	277	4922
1522	277	4923
1523	277	4924
1524	277	4925
1525	277	4926
1526	277	4927
1527	277	4928
1528	277	4935
1529	277	4937
1530	277	4943
1531	277	4948
1532	277	4952
1533	277	4955
1534	277	4957
1535	277	4958
1536	277	4964
1537	277	4966
1538	277	4982
1539	277	4983
1540	277	4984
1541	281	4985
1542	281	4986
1543	281	4989
1544	281	4995
1545	281	5006
1546	281	5007
1547	281	5017
1548	281	5018
1549	281	4067
1550	281	4731
1551	281	5023
1552	281	5026
1553	281	5035
1554	281	5043
1555	281	5044
1556	281	5046
1557	281	5047
1558	281	5056
1559	281	5062
1560	281	5063
1561	281	5064
1562	281	5065
1563	281	5066
1564	281	5067
1565	281	5070
1566	281	5072
1567	281	5073
1568	281	5076
1569	281	571
1570	283	5079
1571	283	5086
1572	283	5087
1573	283	3888
1574	283	5094
1575	283	5098
1576	283	5101
1577	283	5104
1578	283	5110
1579	283	5111
1580	283	5115
1581	283	5117
1582	283	5122
1583	283	5123
1584	283	5124
1585	283	5128
1586	283	5136
1587	283	5145
1588	283	5146
1589	283	5147
1590	283	5148
1591	283	5150
1592	283	5151
1593	283	5160
1594	283	5162
1595	283	5172
1596	283	5187
1597	283	5188
1598	283	5195
1599	283	5198
1600	286	5199
1601	286	5200
1602	286	5209
1603	286	5210
1604	286	5211
1605	286	5212
1606	286	5218
1607	286	5219
1608	286	5220
1609	286	5221
1610	286	5228
1611	286	573
1612	286	5230
1613	286	5231
1614	286	5236
1615	286	5249
1616	286	2202
1617	286	5251
1618	287	5252
1619	287	5257
1620	287	5258
1621	287	5269
1622	287	5270
1623	287	5271
1624	287	5273
1625	287	5282
1626	287	5285
1627	287	5286
1628	287	5287
1629	287	5289
1630	287	5301
1631	287	5302
1632	287	5308
1633	287	5309
1634	287	5311
1635	287	5316
1636	287	5317
1637	287	5318
1638	287	5323
1639	287	5328
1640	287	5331
1641	287	5341
1642	287	5343
1643	287	5349
1644	287	5355
1645	287	5356
1646	287	5357
1647	287	5358
1648	287	1401
1649	287	5365
1650	287	5373
1651	287	5374
1652	287	5379
1653	287	5391
1654	290	5392
1655	290	5393
1656	290	5394
1657	290	5395
1658	290	5396
1659	290	4468
1660	290	5402
1661	290	5407
1662	290	5412
1663	290	5420
1664	290	5421
1665	290	5435
1666	290	5438
1667	290	5439
1668	290	4582
1669	290	5440
1670	290	5441
1671	290	5442
1672	290	292
1673	290	5450
1674	290	5452
1675	290	5453
1676	290	296
1677	290	293
1678	290	4714
1679	290	5465
1680	290	4098
1681	290	5474
1682	290	5477
1683	290	5478
1684	297	5483
1685	297	5484
1686	297	5486
1687	297	5487
1688	297	5494
1689	297	5500
1690	297	5501
1691	297	5502
1692	297	5504
1693	297	5505
1694	297	5506
1695	297	5507
1696	297	5510
1697	297	5511
1698	297	5520
1699	297	5521
1700	297	5525
1701	297	5527
1702	297	5531
1703	297	5532
1704	297	4728
1705	297	5539
1706	297	5541
1707	297	5542
1708	297	5545
1709	297	4010
1710	297	5549
1711	297	5550
1712	297	5554
1713	297	5556
1714	297	5565
1715	300	981
1716	300	5582
1717	300	5583
1718	300	5589
1719	300	5593
1720	300	5596
1721	300	5599
1722	300	5602
1723	300	5605
1724	300	5607
1725	300	5608
1726	300	5609
1727	300	5610
1728	300	5613
1729	300	5614
1730	300	4247
1731	300	5617
1732	300	5624
1733	300	5625
1734	300	5627
1735	300	5629
1736	300	5637
1737	300	5638
1738	300	5641
1739	300	5650
1740	300	5657
1741	300	5660
1742	300	5661
1743	300	5663
1744	300	5664
1745	300	5665
1746	300	5626
1747	300	5676
1748	300	5677
1749	303	5679
1750	303	5691
1751	303	5700
1752	303	5703
1753	303	5710
1754	303	5720
1755	303	5726
1756	303	5731
1757	303	5742
1758	303	5752
1759	303	5755
1760	303	5756
1761	303	5762
1762	303	5767
1763	303	5781
1764	303	5782
1765	303	5783
1766	303	489
1767	303	5790
1768	303	5797
1769	303	5799
1770	303	5802
1771	303	5809
1772	303	5812
1773	303	5819
1774	303	5820
1775	303	5709
1776	303	1134
1777	303	3379
1778	303	5845
1779	303	5846
1780	303	5852
1781	303	5866
1782	303	5868
1783	318	5874
1784	318	1079
1785	318	5896
1786	318	5912
1787	318	322
1788	318	5922
1789	318	5928
1790	318	5934
1791	318	2515
1792	318	5937
1793	318	421
1794	318	321
1795	318	5945
1796	318	412
1797	318	5943
1798	318	423
1799	318	5953
1800	318	394
1801	318	5914
1802	318	5964
1803	318	303
1804	318	5966
1805	318	403
1806	318	5973
1807	318	5974
1808	318	338
1809	305	5980
1810	305	5981
1811	305	5982
1812	305	5987
1813	305	5995
1814	305	5999
1815	305	6003
1816	305	6007
1817	305	6008
1818	305	6009
1819	305	6010
1820	305	6015
1821	305	6016
1822	305	6020
1823	305	6021
1824	305	6022
1825	305	6029
1826	305	6036
1827	305	6051
1828	305	329
1829	305	6060
1830	305	6061
1831	305	6069
1832	305	6070
1833	305	6074
1834	305	6080
1835	305	6081
1836	305	6082
1837	305	6093
1838	305	6097
1839	305	931
1840	305	6119
1841	332	6120
1842	332	6125
1843	332	6128
1844	332	6135
1845	332	6136
1846	332	6143
1847	332	6144
1848	332	6147
1849	332	6154
1850	332	6161
1851	332	429
1852	332	6171
1853	332	6172
1854	332	6182
1855	332	6187
1856	332	6193
1857	332	5719
1858	332	6198
1859	332	6208
1860	332	395
1861	6211	412
1862	6211	6222
1863	6211	6233
1864	6211	6234
1865	6211	6242
1866	6211	3098
1867	6211	6265
1868	6211	6266
1869	6211	6273
1870	6211	6281
1871	6211	6285
1872	6211	6290
1873	6211	6297
1874	6211	3383
1875	6211	6313
1876	6211	6315
1877	6211	6316
1878	6211	6317
1879	6211	6320
1880	6211	6327
1881	6211	6330
1882	6211	6332
1883	6211	6334
1884	6211	4399
1885	6211	6338
1886	6211	834
1887	6211	6346
1888	6211	6347
1889	6211	6354
1890	6211	6361
1891	6211	6369
1892	6211	6370
1893	6211	131
1894	6211	6388
1895	6211	6394
1896	6211	6395
1897	412	6396
1898	412	6399
1899	412	6402
1900	412	6405
1901	412	308
1902	412	6410
1903	412	6418
1904	412	6429
1905	412	6431
1906	412	6433
1907	412	5920
1908	412	6445
1909	412	6432
1910	412	5937
1911	412	5719
1912	412	6467
1913	412	6474
1914	412	6478
1915	412	5928
1916	412	6492
1917	412	6500
1918	412	6501
1919	412	6507
1920	412	6144
1921	412	6514
1922	412	6516
1923	412	513
1924	412	5912
1925	412	6521
1926	412	5919
1927	412	341
1928	412	319
1929	412	6535
1930	412	5979
1931	412	6538
1932	6222	6272
1933	6222	6547
1934	6222	6550
1935	6222	6561
1936	6222	6572
1937	6222	3095
1938	6222	6588
1939	6222	6593
1940	6222	6594
1941	6222	6575
1942	6222	6608
1943	6222	6611
1944	6222	6612
1945	6222	6609
1946	6222	6613
1947	6222	6614
1948	6222	6621
1949	6222	6626
1950	6222	6630
1951	6222	6637
1952	6222	6645
1953	6222	6646
1954	6222	6663
1955	6222	6664
1956	6222	6672
1957	6222	6674
1958	6222	6677
1959	6222	6683
1960	6222	6693
1961	6222	6700
1962	6222	1983
1963	6222	6706
1964	6222	6718
1965	6222	4568
1966	6233	6730
1967	6233	6732
1968	6233	6740
1969	6233	6751
1970	6233	6759
1971	6233	6772
1972	6233	6773
1973	6233	6782
1974	6233	6786
1975	6233	6790
1976	6233	6800
1977	6233	6735
1978	6233	6806
1979	6233	6812
1980	6233	6814
1981	6233	6817
1982	6233	6829
1983	6233	6832
1984	6233	6836
1985	6233	6846
1986	6233	6847
1987	6233	6851
1988	6233	6860
1989	6233	6862
1990	6233	6863
1991	6233	6868
1992	6233	6871
1993	6233	6881
1994	6233	6882
1995	6233	6885
1996	6233	6887
1997	6233	6894
1998	6233	6899
1999	6233	6907
2000	6233	6914
2001	6234	6923
2002	6234	6924
2003	6234	1069
2004	6234	6930
2005	6234	6931
2006	6234	6932
2007	6234	6934
2008	6234	6943
2009	6234	6945
2010	6234	5945
2011	6234	6946
2012	6234	6947
2013	6234	6951
2014	6234	6952
2015	6234	6960
2016	6234	6962
2017	6234	6969
2018	6234	6970
2019	6234	5251
2020	6234	6977
2021	6234	6978
2022	6234	6240
2023	6234	6237
2024	6234	6986
2025	6234	6988
2026	6234	6989
2027	6234	6994
2028	6242	7002
2029	6242	7003
2030	6242	7008
2031	6242	7009
2032	6242	7026
2033	6242	7036
2034	6242	7039
2035	6242	7040
2036	6242	7046
2037	6242	7047
2038	6242	6244
2039	6242	7051
2040	6242	7056
2041	6242	7060
2042	6242	7070
2043	6242	7078
2044	6242	7079
2045	6242	6243
2046	6242	7086
2047	6242	7093
2048	6242	7101
2049	6242	7102
2050	6242	7103
2051	6242	6249
2052	6242	7105
2053	6242	7006
2054	6242	7115
2055	6242	7122
2056	6242	7131
2057	6242	7135
2058	6242	7146
2059	6242	7037
2060	6242	7157
2061	6242	7158
2062	6242	7164
2063	6242	6248
2064	3098	7169
2065	3098	7174
2066	3098	3923
2067	3098	7185
2068	3098	6258
2069	3098	7200
2070	3098	3562
2071	3098	7218
2072	3098	6698
2073	3098	7224
2074	3098	6586
2075	3098	7226
2076	3098	7234
2077	3098	1583
2078	3098	7235
2079	3098	7236
2080	3098	7237
2081	3098	7240
2082	3098	7203
2083	3098	1549
2084	3098	7255
2085	3098	1547
2086	3098	7271
2087	3098	7272
2088	3098	6681
2089	3098	7289
2090	3098	7302
2091	3098	7315
2092	3098	7319
2093	3098	7323
2094	3098	7326
2095	3098	7330
2096	3098	7331
2097	3098	7339
2098	3098	7340
2099	6265	7341
2100	6265	7342
2101	6265	7344
2102	6265	7345
2103	6265	7348
2104	6265	7352
2105	6265	7359
2106	6265	6211
2107	6265	7360
2108	6265	7366
2109	6265	7368
2110	6265	7373
2111	6265	7375
2112	6265	7376
2113	6265	7377
2114	6265	7381
2115	6265	7386
2116	6265	7393
2117	6265	7394
2118	6265	4926
2119	6265	7404
2120	6265	7405
2121	6265	7413
2122	6265	7414
2123	6265	7431
2124	6265	7440
2125	6265	7441
2126	6265	5541
2127	6265	7449
2128	6265	7455
2129	6265	7456
2130	6265	7464
2131	6265	4392
2132	6265	7470
2133	6265	7477
2134	6265	7486
2135	6273	7487
2136	6273	3098
2137	6273	6386
2138	6273	6278
2139	6273	6215
2140	6273	5978
2141	6273	5921
2142	6273	3302
2143	6273	7497
2144	6273	7500
2145	6273	6277
2146	6273	7502
2147	6273	2868
2148	6273	7511
2149	6273	128
2150	6273	7520
2151	6273	2518
2152	6273	6276
2153	6273	7533
2154	6273	7536
2155	6273	1117
2156	6273	7537
2157	6273	7542
2158	6273	7532
2159	6273	7550
2160	6273	7557
2161	6273	7565
2162	6273	7569
2163	6273	7570
2164	6273	7571
2165	6273	7580
2166	6273	5931
2167	6273	6275
2168	6273	7594
2169	6273	283
2170	6273	412
2171	6281	7595
2172	6281	7596
2173	6281	7599
2174	6281	7603
2175	6281	7608
2176	6281	7611
2177	6281	7612
2178	6281	7623
2179	6281	7624
2180	6281	7625
2181	6281	7626
2182	6281	7627
2183	6281	7628
2184	6281	7629
2185	6281	7630
2186	6281	7631
2187	6281	7632
2188	6281	7634
2189	6281	7635
2190	6281	7638
2191	6281	7640
2192	6281	7642
2193	6281	7648
2194	6281	7649
2195	6281	7652
2196	6281	7654
2197	6281	7655
2198	6281	7659
2199	6281	7660
2200	6281	7662
2201	6281	7665
2202	6281	7666
2203	6281	7670
2204	6281	7671
2205	6281	4275
2206	6281	7677
2207	6285	6288
2208	6285	7688
2209	6285	3498
2210	6285	7702
2211	6285	7715
2212	6285	7716
2213	6285	7198
2214	6285	6289
2215	6285	7718
2216	6285	6287
2217	6285	6286
2218	6290	7739
2219	6290	7745
2220	6290	7752
2221	6290	7757
2222	6290	7759
2223	6290	7760
2224	6290	7765
2225	6290	7770
2226	6290	7777
2227	6290	7779
2228	6290	7782
2229	6290	7783
2230	6290	7785
2231	6290	7788
2232	6290	7789
2233	6290	7791
2234	6290	7792
2235	6290	7797
2236	6290	7798
2237	6290	7800
2238	6290	7801
2239	6290	7811
2240	6290	7816
2241	6290	7818
2242	6290	7821
2243	6290	7830
2244	6290	7831
2245	6290	7838
2246	6290	7839
2247	6290	7840
2248	6290	7841
2249	6290	7842
2250	6290	7850
2251	6290	7852
2252	6290	7853
2253	6290	7854
2254	6297	7856
2255	6297	7860
2256	6297	2742
2257	6297	7869
2258	6297	7878
2259	6297	7881
2260	6297	7882
2261	6297	7883
2262	6297	7885
2263	6297	7887
2264	6297	7891
2265	6297	7897
2266	6297	7898
2267	6297	7899
2268	6297	7906
2269	6297	6304
2270	6297	7916
2271	6297	7918
2272	6297	7921
2273	6297	7926
2274	6297	3686
2275	6297	7931
2276	6297	7934
2277	6297	7936
2278	6297	6301
2279	6297	7939
2280	6297	7944
2281	6297	7945
2282	6297	7955
2283	6297	7958
2284	6297	6119
2285	3383	7969
2286	3383	7974
2287	3383	7981
2288	3383	7983
2289	3383	7986
2290	3383	4118
2291	3383	7991
2292	3383	7992
2293	3383	8005
2294	3383	8006
2295	3383	8010
2296	3383	3869
2297	3383	8027
2298	3383	8029
2299	3383	8035
2300	3383	8040
2301	3383	1832
2302	3383	8051
2303	3383	8050
2304	3383	8056
2305	3383	8062
2306	3383	8064
2307	3383	8071
2308	3383	8076
2309	3383	8077
2310	3383	8084
2311	3383	8087
2312	3383	8089
2313	3383	8094
2314	3383	8103
2315	3383	8104
2316	3383	8105
2317	3383	8111
2318	3383	8113
2319	6313	8116
2320	6313	6314
2321	6315	8121
2322	6315	634
2323	6315	8122
2324	6315	8126
2325	6315	8132
2326	6315	8133
2327	6315	6211
2328	6315	6217
2329	6315	8136
2330	6315	8134
2331	6315	8144
2332	6315	8151
2333	6315	8153
2334	6315	8154
2335	6315	8155
2336	6316	8159
2337	6316	8160
2338	6316	8166
2339	6316	8172
2340	6316	8173
2341	6316	8177
2342	6316	8178
2343	6316	8183
2344	6316	8184
2345	6316	8191
2346	6316	8192
2347	6316	8197
2348	6316	8198
2349	6316	8203
2350	6316	8205
2351	6316	8207
2352	6316	8208
2353	6316	8209
2354	6316	8210
2355	6316	8214
2356	6316	8215
2357	6316	8216
2358	6316	8217
2359	6316	8218
2360	6316	8219
2361	6316	8220
2362	6316	8221
2363	6316	8230
2364	6316	8231
2365	6316	8234
2366	6316	8235
2367	6316	8236
2368	6316	8239
2369	6316	8240
2370	6316	8241
2371	6316	8247
2372	6317	8252
2373	6317	8253
2374	6317	8256
2375	6317	8258
2376	6317	8259
2377	6317	8260
2378	6317	8261
2379	6317	8262
2380	6317	8263
2381	6317	4413
2382	6317	8271
2383	6317	8276
2384	6317	8278
2385	6317	8279
2386	6317	8280
2387	6317	8281
2388	6317	8285
2389	6317	8291
2390	6317	8292
2391	6317	8295
2392	6317	8297
2393	6317	8304
2394	6317	8313
2395	6317	8314
2396	6317	8315
2397	6317	8322
2398	6317	8323
2399	6317	8326
2400	6317	8327
2401	6317	8328
2402	6317	8329
2403	6317	8330
2404	6317	8334
2405	6317	8336
2406	6317	8337
2407	6320	8342
2408	6320	8345
2409	6320	8346
2410	6320	8349
2411	6320	8358
2412	6320	6324
2413	6320	8371
2414	6320	8376
2415	6320	6424
2416	6320	8384
2417	6320	8386
2418	6320	8387
2419	6320	8392
2420	6320	8393
2421	6320	8398
2422	6320	8400
2423	6320	8408
2424	6320	8411
2425	6320	8363
2426	6320	8417
2427	6320	8424
2428	6320	8427
2429	6320	8429
2430	6320	6325
2431	6320	8368
2432	6320	8448
2433	6320	6323
2434	6320	8456
2435	6320	8450
2436	6320	8462
2437	6320	8470
2438	6320	1759
2439	6320	8479
2440	6320	8491
2441	6320	6151
2442	6320	4708
2443	6327	8502
2444	6327	8503
2445	6327	8507
2446	6327	8513
2447	6327	8518
2448	6327	8519
2449	6327	8520
2450	6327	8521
2451	6327	8523
2452	6327	8530
2453	6327	8531
2454	6327	8535
2455	6327	8538
2456	6327	8539
2457	6327	8540
2458	6327	8541
2459	6327	8545
2460	6327	8551
2461	6327	8554
2462	6327	8556
2463	6327	8557
2464	6327	8561
2465	6327	8565
2466	6327	8571
2467	6327	8574
2468	6327	8576
2469	6327	8580
2470	6327	8581
2471	6327	8582
2472	6327	8584
2473	6327	8589
2474	6327	8590
2475	6327	8591
2476	6327	8592
2477	6327	8594
2478	6327	8595
2479	6330	8600
2480	6330	8601
2481	6330	8603
2482	6330	2003
2483	6332	8614
2484	6332	8615
2485	6332	8616
2486	6332	8621
2487	6332	8622
2488	6332	8625
2489	6332	8630
2490	6332	8633
2491	6332	8635
2492	6332	8640
2493	6332	8090
2494	6332	8651
2495	6332	8652
2496	6332	8655
2497	6332	8656
2498	6332	8657
2499	6332	8658
2500	6332	8660
2501	6332	8662
2502	6332	8663
2503	6332	8619
2504	6332	5218
2505	6332	8671
2506	6332	8672
2507	6332	8673
2508	6332	8674
2509	6332	2264
2510	6332	8682
2511	6332	8689
2512	6332	8690
2513	6332	2241
2514	6332	8709
2515	6332	8717
2516	6334	8720
2517	6334	8728
2518	6334	8733
2519	6334	8734
2520	6334	8722
2521	6334	8737
2522	6334	8744
2523	6334	8751
2524	6334	8755
2525	6334	8764
2526	6334	8768
2527	6334	8778
2528	6334	8788
2529	6334	8792
2530	6334	8802
2531	6334	8806
2532	6334	8808
2533	6334	8809
2534	6334	8819
2535	6334	8825
2536	6334	8828
2537	6334	8829
2538	6334	8830
2539	6334	8833
2540	6334	8837
2541	6334	8838
2542	6334	8843
2543	6334	6021
2544	6334	712
2545	6334	981
2546	6334	8855
2547	6334	8857
2548	6334	8861
2549	6334	8864
2550	6334	2203
2551	4399	8873
2552	4399	4400
2553	4399	4307
2554	4399	2825
2555	4399	8885
2556	4399	8888
2557	4399	8889
2558	4399	8890
2559	4399	8891
2560	4399	8895
2561	4399	8898
2562	4399	8899
2563	4399	8900
2564	4399	8902
2565	4399	8903
2566	4399	8904
2567	4399	8906
2568	4399	8909
2569	4399	8913
2570	4399	8914
2571	4399	5702
2572	4399	8923
2573	4399	8930
2574	4399	569
2575	4399	8935
2576	4399	8938
2577	4399	8939
2578	4399	8940
2579	4399	8943
2580	4399	8947
2581	4399	8953
2582	4399	8954
2583	4399	4038
2584	4399	8955
2585	4399	3169
2586	6338	8956
2587	6338	8957
2588	6338	8960
2589	6338	8968
2590	6338	8969
2591	6338	8970
2592	6338	8971
2593	6338	8972
2594	6338	8973
2595	6338	8974
2596	6338	8975
2597	6338	8981
2598	6338	8982
2599	6338	8991
2600	6338	9000
2601	6338	9001
2602	6338	9012
2603	6338	9016
2604	6338	9020
2605	6338	9030
2606	6338	9046
2607	6338	9050
2608	6338	8979
2609	6338	9054
2610	6338	9057
2611	6338	9059
2612	6338	9061
2613	6338	9066
2614	6338	9072
2615	6338	9073
2616	6338	9062
2617	6338	9075
2618	6338	9080
2619	6338	9082
2620	6338	9086
2621	6338	9089
2622	834	9091
2623	834	9092
2624	834	9093
2625	834	2993
2626	834	9103
2627	834	6372
2628	834	9116
2629	834	9117
2630	834	9120
2631	834	9125
2632	834	9132
2633	834	2822
2634	834	9144
2635	834	570
2636	834	9146
2637	834	9127
2638	6346	9158
2639	6346	9159
2640	6346	1765
2641	6346	9173
2642	6346	9179
2643	6346	2134
2644	6346	9181
2645	6346	9182
2646	6346	9185
2647	6347	9188
2648	6347	9191
2649	6347	9192
2650	6347	9193
2651	6347	1921
2652	6347	834
2653	6347	9213
2654	6347	9214
2655	6347	9215
2656	6347	3828
2657	6347	9236
2658	6347	9237
2659	6347	9240
2660	6347	4158
2661	6347	5286
2662	6347	5136
2663	6347	9258
2664	6347	9264
2665	6347	9275
2666	6347	9276
2667	6347	9277
2668	6347	546
2669	6347	9291
2670	6347	9297
2671	6347	9304
2672	6347	9280
2673	6347	9323
2674	6347	9337
2675	6347	9348
2676	6347	1136
2677	6347	9356
2678	6347	855
2679	6347	9370
2680	6347	9372
2681	6347	9376
2682	6347	9377
2683	6354	9378
2684	6354	9383
2685	6354	6356
2686	6354	9397
2687	6354	3198
2688	6354	1811
2689	6354	9415
2690	6354	9417
2691	6354	9420
2692	6354	9426
2693	6354	9435
2694	6354	9440
2695	6354	6007
2696	6354	3098
2697	6354	9445
2698	6354	9446
2699	6354	9447
2700	6354	9371
2701	6354	9448
2702	6354	9450
2703	6354	9451
2704	6354	9457
2705	6354	9458
2706	6354	9467
2707	6354	2516
2708	6354	6349
2709	6354	9477
2710	6354	9481
2711	6354	9482
2712	6354	9494
2713	6354	9499
2714	6354	9502
2715	6354	9506
2716	6361	9516
2717	6361	9517
2718	6361	9522
2719	6361	4652
2720	6361	9542
2721	6361	9543
2722	6361	9544
2723	6361	9545
2724	6361	9546
2725	6361	9549
2726	6361	9551
2727	6361	9555
2728	6361	9566
2729	6361	1309
2730	6361	9576
2731	6361	9581
2732	6361	1434
2733	6361	6327
2734	6361	4640
2735	6361	9591
2736	6361	9603
2737	6361	9609
2738	6361	9614
2739	6361	9622
2740	6361	9626
2741	6361	9633
2742	6361	9652
2743	6361	9661
2744	6361	9662
2745	6361	6368
2746	6361	9665
2747	6361	9666
2748	6361	9667
2749	6361	9668
2750	6361	9669
2751	6370	9671
2752	6370	9675
2753	6370	9679
2754	6370	9688
2755	6370	9695
2756	6370	9703
2757	6370	9704
2758	6370	9706
2759	6370	3042
2760	6370	9717
2761	6370	9724
2762	6370	9727
2763	6370	4691
2764	6370	4661
